MesageSize 8192
Queue Size (q) | MsgRate[Mpps]
-----------------------------
1               1.408271
3               1.545021
4               1.534706
5               1.510002
6               1.541503
7               1.553510
8               1.549800
9               1.507228
10              1.564131
11              1.562056
12              1.512002
13              1.540393
14              1.534976
15              1.538914
16              1.563388
17              1.544438
18              1.569142
19              1.566862
20              1.566025
21              1.550642
22              1.564162
23              1.562611
24              1.558574
25              1.538846
26              1.510463
27              1.481462
28              1.453369
29              1.506270
30              1.469991
31              1.487031
32              1.463196
33              1.419750
34              1.429715
35              1.449809
36              1.425496
37              1.416661
38              1.421507
39              1.379826
40              1.379778
41              1.373090
42              1.343377
43              1.360526
44              1.377465
45              1.363478
46              1.336466
47              1.342286
48              1.368358
49              1.376902
50              1.357182
51              1.373773
52              1.354816
53              1.327292
54              1.333869
55              1.376924
56              1.349606
57              1.372510
58              1.327862
59              1.352826
60              1.373267
61              1.357987
62              1.374168
63              1.334855
64              1.328261
65              1.378151
129             1.336689
193             1.323544
257             1.220379
321             1.222195
385             1.188089
449             1.126365
513             1.075019
577             1.036050
641             1.006482
705             0.932994
769             0.914570
833             0.882278
897             0.886445
961             0.845355
1025            0.812897
1089            0.773959
1153            0.775495
1217            0.753594
1281            0.736306
1345            0.730428
1409            0.720879
1473            0.718881
1537            0.716603
1601            0.713054
1665            0.701306
1729            0.660771
1793            0.673483
1857            0.681024
1921            0.685962
1985            0.674508
